0	0.9665292339601185
1	-1.7833094442848632
10	3.5137003080989873
100	1.1753211596174453
101	2.6042172762091353
102	7.032700719823611
103	3.7088511605875083
104	1.3447723309240993
105	3.287494597756855
106	1.3704805879995172
107	1.344772330924103
108	3.2874945977568575
109	3.70885116058751
11	4.579603687471074
110	1.3447723309241015
111	3.287494597756856
112	0.4188687747946869
113	1.3447723309241049
114	3.287494597756858
115	3.7088511605875136
116	1.3447723309241015
117	3.2874945977568566
118	3.70885116058751
119	1.3447723309241015
12	1.344772330924107
120	3.287494597756856
121	3.708851160587519
122	5.192282083495703
123	1.3447723309241022
124	3.287494597756858
125	3.7088511605875074
126	1.3447723309241024
127	3.2874945977568575
128	1.344772330924102
129	3.287494597756857
13	1.8440206601622842
130	3.7088511605875136
131	1.3447723309241015
132	3.2874945977568566
133	-0.8997155483681523
134	3.708851160587515
135	1.3447723309241013
136	3.2874945977568557
137	2.043260585896486
138	1.370480587999521
139	1.3447723309241049
14	1.8440206601622842
140	3.2874945977568593
141	2.4340469843306574
142	3.7088511605875283
143	1.3447723309241055
144	3.2874945977568566
145	3.1712348768320098
146	3.7088511605875074
147	3.708851160587511
148	5.806938717395369
149	5.192282083495704
15	2.1581093048374327
150	1.3447723309241006
151	3.2874945977568544
152	1.800188818659848
153	1.3447723309240984
154	3.2874945977568544
155	3.708851160587505
156	1.3447723309241026
157	3.2874945977568575
158	1.3447723309240984
159	3.2874945977568544
16	3.287494597756858
160	1.9463264414124908
161	1.1753211596174464
162	5.192282083495707
163	1.344772330924107
164	3.2874945977568597
165	2.467766221723945
166	0.2535749569742439
167	0.7929692798075966
168	1.3447723309241035
169	3.2874945977568553
17	1.8799975078782472
170	3.708851160587515
171	1.3447723309241029
172	3.2874945977568575
173	3.708851160587522
174	5.806938717395368
175	5.192282083495705
176	1.3447723309241049
177	3.287494597756862
178	3.70885116058751
179	1.3447723309241015
18	2.750527627611885
180	3.287494597756856
181	5.192282083495713
182	1.3447723309241049
183	3.2874945977568575
184	3.7088511605875145
185	3.708851160587512
186	3.7088511605875127
187	5.806938717395366
188	1.3447723309241062
189	3.28749459775686
19	0.17245920056485542
190	3.7088511605875074
191	1.3447723309241024
192	3.2874945977568575
193	1.344772330924101
194	3.287494597756858
195	1.3447723309240984
196	3.2874945977568544
197	0.7929692798076058
198	1.3447723309241089
199	3.287494597756862
2	3.1712348768320244
20	-0.07698724572071425
200	0.4188687747946898
201	1.3447723309240969
202	3.2874945977568553
203	3.7088511605875185
204	1.3447723309241038
205	3.2874945977568566
206	-0.14349594385369654
207	-0.14349594385369654
208	5.806938717395374
209	5.192282083495708
21	8.947124048171634
210	5.192282083495708
211	1.3447723309241073
212	3.2874945977568615
213	3.708851160587507
214	1.3447723309241018
215	3.287494597756855
216	3.7088511605875136
217	1.3447723309241015
218	3.2874945977568566
219	0.4188687747946861
22	1.3323579308120441
220	1.3447723309241064
221	3.2874945977568593
222	1.3447723309241013
223	3.287494597756856
224	3.708851160587522
225	0.7929692798076047
226	1.344772330924105
227	3.28749459775686
228	0.7929692798075971
229	1.344772330924098
23	0.18809929326089825
24	1.3323579308120441
25	0.17828091730135776
26	0.133424497232819
27	3.171234876832023
28	3.7088511605875136
29	5.806938717395368
3	-0.08013938007969536
30	1.344772330924099
31	6.941833999754822
32	0.8905501417833831
33	5.09051384737592
34	0.7534498716744895
35	0.5400520993618284
36	0.05529538343245505
37	-0.80916034547757
38	1.3447723309241058
39	3.287494597756859
4	2.497403548104577
40	9.129469358467025
41	2.701386231281734
42	-0.6670660601595116
43	2.701386231281734
44	-0.6720562520497552
45	-0.6966391477077171
46	2.1709912805529434
47	3.7088511605875234
48	3.7088511605875203
49	1.734724040190757
5	2.353907604250936
50	1.344772330924105
51	3.287494597756861
52	3.7088511605875056
53	2.9505608879894414
54	1.3447723309240989
55	6.941833999754827
56	3.1712348768320124
57	5.806938717395363
58	5.1922820834957
59	1.3447723309240998
6	3.6105139286350183
60	3.7088511605875136
61	2.645480604097405
62	1.3447723309241015
63	3.2874945977568566
64	3.7088511605875145
65	3.708851160587515
66	5.806938717395369
67	1.3447723309241093
68	3.2874945977568606
69	3.708851160587516
7	3.7088511605875203
70	2.1405772337464377
71	1.3447723309241026
72	2.003119643194218
73	3.708851160587509
74	-1.6203517567576777
75	3.708851160587511
76	1.3447723309241013
77	3.2874945977568544
78	3.7088511605875185
79	1.3447723309241038
8	2.273341970676199
80	3.2874945977568566
81	-1.8397055531419682
82	2.4240711574102507
83	0.19855648620080538
84	0.16121620617147084
85	2.4240711574102507
86	0.21867967870244806
87	5.806938717395363
88	1.3447723309240984
89	3.2874945977568553
9	3.5137003080989873
90	1.8001888186598578
91	1.7347240401907522
92	1.3447723309241009
93	3.2874945977568553
94	3.708851160587512
95	5.806938717395362
96	6.90609089225454
97	1.3447723309240984
98	3.2874945977568566
99	1.9463264414124763
