220
0.9312210953319389
-1.2374414160410987
-1.5887922532961833
1.5343715199676804
0.6987665475506137
0.7927403170541637
9.981574275146976
-2.0134374152736614
2.1386434743578397
1.1736602219621035
1.8344793994457889
1.8344793994457889
1.8344793994457889
6.639598913308995
2.9567752757218946
0.6442560406769385
2.6679210910038638
0.346907234453587
0.2780460995548355
6.5041878461820986
0.49265662916859543
0.49265662916859543
0.49265662916859543
8.916772699760305
2.484085302826113
0.6987652561812938
0.7555067942932212
2.086105136682444
-0.4029241959183797
-0.4134252238765349
8.593543455383001
4.261026756039615
1.6224728258219567
0.7732167169978807
1.6224728258219567
0.7629663801666946
0.7593008648763316
2.7052852030952703
3.6142328778738166
-1.771618047630527
2.6047427747869456
1.24663689498831
0.7665225028574962
-2.493798071065343
1.9654603994946056
0.33474021812454346
0.0663776809168385
3.3304407882084566
4.257443575734233
0.11507082114354747
4.257443575734233
-0.6993668340156323
-0.703396067507699
5.0462712788231885
0.3257735238135955
1.5676006998797312
1.6205206159198917
0.9974784207123178
1.1900920899598006
0.2354096070530833
0.1294496119658667
0.8822555857012311
1.3111012761520051
0.5198592462297794
2.061814732148735
1.8933432466229156
0.995795717826648
0.2169695251973258
0.10924059533219228
1.4700352868296893
1.1923859808601212
0.2356864003638579
0.43298040282281264
1.1230040768731873
1.187894153330206
0.23475130650571643
0.34670586825383587
1.241571755435031
1.4022001267561184
0.5581317667668144
1.0125445462085927
0.5547897271959299
1.0680802429579295
1.191164005408181
0.235610042025993
0.34705497524938245
1.1916745914135505
0.23556361582088386
3.336780545103386
0.37340764730070375
1.1916681077848474
0.23535093751406824
0.11978030006196169
0.0650085462844907
1.1924217300972901
0.23569686086878414
1.2015798411447989
1.5741646672535123
2.2282268351697074
0.2708224959673881
0.051854809721880744
1.0582634796690906
-0.8356049724170634
-0.8356049724170634
0.6139810563436857
1.1915111093530233
0.23552981358867364
0.027258216948042036
1.1924460693380932
0.23570280033695978
0.12028241975575382
1.1923407210239596
0.23567698336618098
0.03440608560164728
0.09397376950355604
1.1924352778510396
0.2356939248952295
0.10924059533219228
1.1923859808601212
0.2356864003638579
0.12028241975575382
1.1923407210239596
0.23567698336618098
0.12032068449308561
0.9963704894043274
0.21165047435375886
0.036873724454453256
0.12960235798154426
1.192232882038564
0.235657659916806
1.1924593169024835
0.235705358607282
0.10924059533219228
1.1923859808601212
0.2356864003638579
-2.1552662258212605
1.3083225242936514
1.1903760533949712
0.2354264838329315
1.1924785616278812
0.23570867553354513
0.02483391972778239
1.1924772394658505
0.2357075229657371
2.4168053710023427
2.8518983297270752
3.01995008740114
2.8923045159304825
0.9908885515548022
0.2095607299041119
0.036125599191783216
0.0763737956199598
1.192457837487765
0.2357050783730443
0.38436457984696243
1.1912902866123243
0.23548061524953942
1.192457837487765
0.2357050783730443
1.5537189115334415
0.9965829989686317
0.2112960327553474
0.03677228631612726
2.2627248811189804
1.1928091803045882
0.23568195101690506
0.30623065384880255
1.1918255093666725
0.23558401743546978
1.203736519853188
1.5876577127527982
0.991934567869393
0.2104617785313844
0.036489351803013756
0.12028241975575382
1.1923407210239596
0.23567698336618098
0.9964939334473502
0.21172309634451544
0.036893805382679834
1.6131253598951534
2.6481813912063688
2.891979082460839
2.807053510004137
1.1852214380703738
0.23391535641937847
0.12960235798154426
1.192232882038564
0.235657659916806
1.1924578019651222
0.23570507162336735
1.192457837487765
0.2357050783730443
1.1926232899394353
0.2356848663411663
0.027496754787873286
1.1925028000627418
0.2357049684978449
0.34705497524938245
1.1916745914135505
0.23556361582088386
0.9913709808256106
0.1902643151422283
0.19351166375168466
0.030529451972463765
0.39418113582238024
1.1912691289277286
0.23547654640031762
0.10924059533219228
1.1923859808601212
0.2356864003638579
0.03207092911403342
1.1924376559721523
0.23569440266752145
1.1924579661108166
0.23570512062173174
0.9099658172973393
1.1926421811227297
0.23567052823811688
1.2683514862651575
